438
520
531
479
221
286
538
48
168
166
142
468
70
348
379
509
7
256
399
472
211
237
154
87
527
367
204
24
47
529
385
115
2
534
386
429
341
354
519
37
215
471
374
272
469
63
217
409
200
299
28
69
244
460
18
419
499
131
447
34
121
426
202
579
498
99
176
29
33
175
148
271
467
484
251
151
189
21
222
292
542
60
124
74
205
13
294
557
596
400
190
40
201
113
539
361
101
186
75
491
14
214
22
50
514
373
130
357
473
268
318
300
152
240
72
577
393
233
107
363
453
563
238
304
146
493
307
261
500
513
92
165
236
26
212
452
437
549
81
102
515
97
382
375
456
89
118
17
42
340
51
31
65
572
525
343
482
323
100
576
56
106
521
73
344
371
310
505
46
523
533
475
448
110
454
206
96
355
289
156
358
68
345
138
470
66
459
98
117
145
413
27
346
582
263
388
235
1
466
241
415
297
120
387
443
315
414
123
36
405
339
558
366
163
135
575
328
481
178
67
137
82
356
450
584
23
377
153
112
581
59
574
207
129
430
351
407
474
219
4
439
77
239
541
548
62
218
560
249
184
434
559
478
232
254
159
216
275
20
384
41
585
134
583
49
83
598
285
52
147
376
295
369
433
88
43
8
455
497
158
502
372
555
213
337
10
103
132
568
305
203
440
401
461
170
397
334
108
255
53